! Kilobolt Studios
! http://kilobolt.com
! Game Development Tutorial - Unit 3
! Q-Bot Level 1
! # = Tile Legend
! 9 = WinFlag
! 1 = Enemy
! 5 = TileDirt
! 8 = GrassTop
! 2 = GrassBot
! 4 = GrassLeft
! 6 = GrassRight
4555555555555555555555555555555555555555555555555555555555555555555555555555555555555555555555555555555555555555555555555555555555555555555555555555555555555555555555555555555555555555555555555555555555555555555555555555555555555555555555555556
4522222222222222222222222222222222222255555555555555555522222222222222222222222222222222222255555555555555555522222222222222222222222222222222222255555555555555555522222222222222222222222222222222222255555555555555555522222222222222222222222256
46                                    455555555555555556                                    455555555555555556                                    455555555555555556                                    455555555555555556                        46
46                                    222222555552222222                                    222222555552222222                                    222222555552222222                                    222222555552222222                        46
46                                          25552                                                 25552                                                 25552                                                 25552                               46
46                                            2                                                     2                                                     2                                                     2                                 46
46                                                                                                                                                                                                                                                46
46                    1                                                                                                                                                                                                                           46
46                                                                                                                                                                                                                  9                             46
46                                                                        888888                                                                   1                                                      1                                       46
46            888888888                                                   455556                                                        8                     8                                                                                   46
46            2222255558                                                  455556                                                       858                   858                                                                                  46
46                 455558                                                 222222                                                      85558                 85558                                                                                 46
46                 4555558                                                                                      8888888888888888888888555558888888888888888888888888888888888888                                     888                          46
46                 45555558                                     888888                                          2222222222222222225555522222222222222222222222225555522222222256                                  888555886                       46
45888888           455555558                                    455556                                                            45556                         45556         46                                  455555556                       46
45222222           4555555558                                   455556                               8888                         25552                         25552         46                              888855     558888                   46
46                 45555555558                                  222222               88888           2222                          222                           222          46                              455555     555556                   46
46                 455555555558                                                      42226                                                                                    46                          8888222555     5552228888               46
46                 4555555555558                                                    8     8                                                                                   46                                 45555555556                      46
46           88888855555555555558                  1    888888           1         8       8                                                                       1          46                          4888888555     5558888886               46
46           455555555555555555558                      455556                    8         8                          888                           888                      46                          4555555555     5555555556               46
46           4555555555555555555558                     455556                   8           8                        85558                         85558                     46                      88885555555555     55555555558888           46
46           45555555555555555555558                    455556                  8             8                       45556                         45556                     46                      45555555555555     55555555555556           46
458888888888855555555555555555555555888        88888888855555588888888888888888858           85888888888888888888888885555588888888888888888888888885555588888888888888888888856           888888888885555555555555555555555555555555558888888888856
455555555555555555555555555555555555556        45555555555555555555555555555555556           45555555555555555555555555555555555555555555555555555555555555555555555555555555556           455555555555555555555555555555555555555555555555555555556
455555555555555555555555555555555555556        45555555555555555555555555555555556           45555555555555555555555555555555555555555555555555555555555555555555555555555555556           455555555555555555555555555555555555555555555555555555556